FLOCK 4P 1
1 47250U 20086E   26281.50000000  .00010952  00000-0  56711-3 0  9997
2 47250  97.4764 163.6657 0013583 189.6080 170.4721 15.17647209187315
FLOCK 4P 2
1 47251U 20086F   26281.52000000  .00010952  00000-0  56711-3 0  9998
2 47251  97.4764 165.2345 0013583 192.4567 167.5432 15.17647209187323
FLOCK 4P 3
1 47252U 20086G   26281.54000000  .00010952  00000-0  56711-3 0  9999
2 47252  97.4764 166.8901 0013583 195.1234 164.8765 15.17647209187331
FLOCK 4P 4
1 47253U 20086H   26281.56000000  .00010952  00000-0  56711-3 0  9990
2 47253  97.4764 168.4567 0013583 198.3456 161.6543 15.17647209187349
FLOCK 4S 1
1 49810U 22002A   26281.48000000  .00008543  00000-0  42134-3 0  9991
2 49810  97.5123 112.3456 0012345 145.2345 214.7654 15.19876543145678
FLOCK 4S 2
1 49811U 22002B   26281.49000000  .00008543  00000-0  42134-3 0  9992
2 49811  97.5123 115.6789 0012345 148.5678 211.4321 15.19876543145686
FLOCK 4S 3
1 49812U 22002C   26281.50000000  .00008543  00000-0  42134-3 0  9993
2 49812  97.5123 118.9012 0012345 151.7890 208.2109 15.19876543145694
FLOCK 4S 4
1 49813U 22002D   26281.51000000  .00008543  00000-0  42134-3 0  9994
2 49813  97.5123 122.1234 0012345 154.9012 205.0987 15.19876543145702
SKYSAT-C1
1 41530U 16040A   26281.50000000  .00005231  00000-0  21345-3 0  9991
2 41530  97.4321 142.1234 0014523 210.4532 149.5432 15.23412345123456
SKYSAT-C2
1 41775U 16057A   26281.50000000  .00004892  00000-0  19876-3 0  9992
2 41775  97.4321 154.5678 0014523 215.6789 144.3210 15.23412345123464
PELICAN-1
1 58240U 23174A   26281.50000000  .00007654  00000-0  31456-3 0  9993
2 58240  97.4567 185.3456 0012876 175.4321 184.5678 15.21098765098765
PELICAN-2
1 58241U 23174B   26281.50000000  .00007654  00000-0  31456-3 0  9994
2 58241  97.4567 195.6789 0012876 182.6543 177.3456 15.21098765098773
TANAGER-1
1 60410U 24089A   26281.50000000  .00006543  00000-0  28976-3 0  9995
2 60410  97.4678 215.1234 0013456 168.9012 191.0987 15.18765432065432
